
  0        3.78    -99.99      3.78      87.21      0.00
  1        3.77    -99.99      3.77      88.78      0.00
  2        3.75    -99.99      3.75      90.35      0.00
  3        3.73    -99.99      3.73      91.92      0.00
  4        3.69    -99.99      3.69      93.48      0.00
  5        3.65    -99.99      3.65      95.05      0.00
  6        3.59    -99.99      3.59      96.61      0.00
  7        3.52    -99.99      3.52      98.17      0.00
  8        3.45    -99.99      3.45      99.73      0.00
  9        3.36    -99.99      3.36     101.28      0.00
 10        3.26    -99.99      3.26     102.83      0.00
 11        3.15    -99.99      3.15     104.37      0.00
 12        3.04    -99.99      3.04     105.91      0.00
 13        2.91    -99.99      2.91     107.44      0.00
 14        2.77    -99.99      2.77     108.96      0.00
 15        2.62    -99.99      2.62     110.48      0.00
 16        2.46    -99.99      2.46     111.99      0.00
 17        2.29    -99.99      2.29     113.49      0.00
 18        2.11    -99.99      2.11     114.99      0.00
 19        1.91    -99.99      1.91     116.47      0.00
 20        1.71    -99.99      1.71     117.95      0.00
 21        1.50    -99.99      1.50     119.42      0.00
 22        1.27    -99.99      1.27     120.87      0.00
 23        1.04    -99.99      1.04     122.32      0.00
 24        0.79    -99.99      0.79     123.75      0.00
 25        0.54    -99.99      0.54     125.18      0.00
 26        0.27    -99.99      0.27     126.59      0.00
 27       -0.01    -99.99     -0.01     127.99      0.00
 28       -0.30    -99.99     -0.30     129.37      0.00
 29       -0.60    -99.99     -0.60     130.74      0.00
 30       -0.92    -99.99     -0.92     132.10      0.00
 31       -1.24    -99.99     -1.24     133.44      0.00
 32       -1.58    -99.99     -1.58     134.77      0.00
 33       -1.92    -99.99     -1.92     136.08      0.00
 34       -2.28    -99.99     -2.28     137.38      0.00
 35       -2.66    -99.99     -2.66     138.66      0.00
 36       -3.04    -99.99     -3.04     139.92      0.00
 37       -3.44    -99.99     -3.44     141.17      0.00
 38       -3.85    -99.99     -3.85     142.40      0.00
 39       -4.27    -99.99     -4.27     143.61      0.00
 40       -4.71    -99.99     -4.71     144.80      0.00
 41       -5.16    -99.99     -5.16     145.97      0.00
 42       -5.62    -99.99     -5.62     147.12      0.00
 43       -6.10    -99.99     -6.10     148.25      0.00
 44       -6.59    -99.99     -6.59     149.36      0.00
 45       -7.09    -99.99     -7.09     150.45      0.00
 46       -7.62    -99.99     -7.62     151.52      0.00
 47       -8.15    -99.99     -8.15     152.57      0.00
 48       -8.70    -99.99     -8.70     153.59      0.00
 49       -9.27    -99.99     -9.27     154.59      0.00
 50       -9.86    -99.99     -9.86     155.56      0.00
 51      -10.46    -99.99    -10.46     156.51      0.00
 52      -11.08    -99.99    -11.08     157.43      0.00
 53      -11.72    -99.99    -11.72     158.33      0.00
 54      -12.38    -99.99    -12.38     159.20      0.00
 55      -13.06    -99.99    -13.06     160.04      0.00
 56      -13.76    -99.99    -13.76     160.86      0.00
 57      -14.49    -99.99    -14.49     161.64      0.00
 58      -15.23    -99.99    -15.23     162.39      0.00
 59      -16.00    -99.99    -16.00     163.11      0.00
 60      -16.79    -99.99    -16.79     163.80      0.00
 61      -17.62    -99.99    -17.62     164.45      0.00
 62      -18.46    -99.99    -18.46     165.07      0.00
 63      -19.34    -99.99    -19.34     165.65      0.00
 64      -20.25    -99.99    -20.25     166.18      0.00
 65      -21.19    -99.99    -21.19     166.68      0.00
 66      -22.16    -99.99    -22.16     167.13      0.00
 67      -23.18    -99.99    -23.18     167.53      0.00
 68      -24.23    -99.99    -24.23     167.88      0.00
 69      -25.32    -99.99    -25.32     168.17      0.00
 70      -26.46    -99.99    -26.46     168.40      0.00
 71      -27.64    -99.99    -27.64     168.57      0.00
 72      -28.87    -99.99    -28.87     168.66      0.00
 73      -30.16    -99.99    -30.16     168.67      0.00
 74      -31.50    -99.99    -31.50     168.60      0.00
 75      -32.91    -99.99    -32.91     168.42      0.00
 76      -34.38    -99.99    -34.38     168.13      0.00
 77      -35.93    -99.99    -35.93     167.72      0.00
 78      -37.55    -99.99    -37.55     167.17      0.00
 79      -39.25    -99.99    -39.25     166.46      0.00
 80      -41.04    -99.99    -41.04     165.59      0.00
 81      -42.92    -99.99    -42.92     164.53      0.00
 82      -44.91    -99.99    -44.91     163.30      0.00
 83      -47.01    -99.99    -47.01     161.89      0.00
 84      -49.25    -99.99    -49.25     160.35      0.00
 85      -51.67    -99.99    -51.67     158.71      0.00
 86      -54.34    -99.99    -54.34     157.08      0.00
 87      -57.46    -99.99    -57.46     155.59      0.00
 88      -61.44    -99.99    -61.44     154.37      0.00
 89      -67.75    -99.99    -67.75     153.57      0.00
 90      -99.99    -99.99    -99.99       0.00      0.00
 91      -67.75    -99.99    -67.75     -26.43      0.00
 92      -61.44    -99.99    -61.44     -25.63      0.00
 93      -57.46    -99.99    -57.46     -24.41      0.00
 94      -54.34    -99.99    -54.34     -22.92      0.00
 95      -51.67    -99.99    -51.67     -21.29      0.00
 96      -49.25    -99.99    -49.25     -19.65      0.00
 97      -47.01    -99.99    -47.01     -18.11      0.00
 98      -44.91    -99.99    -44.91     -16.70      0.00
 99      -42.92    -99.99    -42.92     -15.47      0.00
100      -41.04    -99.99    -41.04     -14.41      0.00
101      -39.25    -99.99    -39.25     -13.54      0.00
102      -37.55    -99.99    -37.55     -12.83      0.00
103      -35.93    -99.99    -35.93     -12.28      0.00
104      -34.38    -99.99    -34.38     -11.87      0.00
105      -32.91    -99.99    -32.91     -11.58      0.00
106      -31.50    -99.99    -31.50     -11.40      0.00
107      -30.16    -99.99    -30.16     -11.33      0.00
108      -28.87    -99.99    -28.87     -11.34      0.00
109      -27.64    -99.99    -27.64     -11.43      0.00
110      -26.46    -99.99    -26.46     -11.60      0.00
111      -25.32    -99.99    -25.32     -11.83      0.00
112      -24.23    -99.99    -24.23     -12.12      0.00
113      -23.18    -99.99    -23.18     -12.47      0.00
114      -22.16    -99.99    -22.16     -12.87      0.00
115      -21.19    -99.99    -21.19     -13.32      0.00
116      -20.25    -99.99    -20.25     -13.82      0.00
117      -19.34    -99.99    -19.34     -14.35      0.00
118      -18.46    -99.99    -18.46     -14.93      0.00
119      -17.62    -99.99    -17.62     -15.55      0.00
120      -16.79    -99.99    -16.79     -16.20      0.00
121      -16.00    -99.99    -16.00     -16.89      0.00
122      -15.23    -99.99    -15.23     -17.61      0.00
123      -14.49    -99.99    -14.49     -18.36      0.00
124      -13.76    -99.99    -13.76     -19.14      0.00
125      -13.06    -99.99    -13.06     -19.96      0.00
126      -12.38    -99.99    -12.38     -20.80      0.00
127      -11.72    -99.99    -11.72     -21.67      0.00
128      -11.08    -99.99    -11.08     -22.57      0.00
129      -10.46    -99.99    -10.46     -23.49      0.00
130       -9.86    -99.99     -9.86     -24.44      0.00
131       -9.27    -99.99     -9.27     -25.41      0.00
132       -8.70    -99.99     -8.70     -26.41      0.00
133       -8.15    -99.99     -8.15     -27.43      0.00
134       -7.62    -99.99     -7.62     -28.48      0.00
135       -7.09    -99.99     -7.09     -29.55      0.00
136       -6.59    -99.99     -6.59     -30.64      0.00
137       -6.10    -99.99     -6.10     -31.75      0.00
138       -5.62    -99.99     -5.62     -32.88      0.00
139       -5.16    -99.99     -5.16     -34.03      0.00
140       -4.71    -99.99     -4.71     -35.20      0.00
141       -4.27    -99.99     -4.27     -36.39      0.00
142       -3.85    -99.99     -3.85     -37.60      0.00
143       -3.44    -99.99     -3.44     -38.83      0.00
144       -3.04    -99.99     -3.04     -40.08      0.00
145       -2.66    -99.99     -2.66     -41.34      0.00
146       -2.28    -99.99     -2.28     -42.62      0.00
147       -1.92    -99.99     -1.92     -43.92      0.00
148       -1.58    -99.99     -1.58     -45.23      0.00
149       -1.24    -99.99     -1.24     -46.56      0.00
150       -0.92    -99.99     -0.92     -47.90      0.00
151       -0.60    -99.99     -0.60     -49.26      0.00
152       -0.30    -99.99     -0.30     -50.63      0.00
153       -0.01    -99.99     -0.01     -52.01      0.00
154        0.27    -99.99      0.27     -53.41      0.00
155        0.54    -99.99      0.54     -54.82      0.00
156        0.79    -99.99      0.79     -56.25      0.00
157        1.04    -99.99      1.04     -57.68      0.00
158        1.27    -99.99      1.27     -59.13      0.00
159        1.50    -99.99      1.50     -60.58      0.00
160        1.71    -99.99      1.71     -62.05      0.00
161        1.91    -99.99      1.91     -63.53      0.00
162        2.11    -99.99      2.11     -65.01      0.00
163        2.29    -99.99      2.29     -66.51      0.00
164        2.46    -99.99      2.46     -68.01      0.00
165        2.62    -99.99      2.62     -69.52      0.00
166        2.77    -99.99      2.77     -71.04      0.00
167        2.91    -99.99      2.91     -72.56      0.00
168        3.04    -99.99      3.04     -74.09      0.00
169        3.15    -99.99      3.15     -75.63      0.00
170        3.26    -99.99      3.26     -77.17      0.00
171        3.36    -99.99      3.36     -78.72      0.00
172        3.45    -99.99      3.45     -80.27      0.00
173        3.52    -99.99      3.52     -81.83      0.00
174        3.59    -99.99      3.59     -83.39      0.00
175        3.65    -99.99      3.65     -84.95      0.00
176        3.69    -99.99      3.69     -86.52      0.00
177        3.73    -99.99      3.73     -88.08      0.00
178        3.75    -99.99      3.75     -89.65      0.00
179        3.77    -99.99      3.77     -91.22      0.00
180        3.78    -99.99      3.78     -92.79      0.00
181        3.77    -99.99      3.77     -94.36      0.00
182        3.75    -99.99      3.75     -95.93      0.00
183        3.73    -99.99      3.73     -97.50      0.00
184        3.69    -99.99      3.69     -99.07      0.00
185        3.65    -99.99      3.65    -100.64      0.00
186        3.59    -99.99      3.59    -102.20      0.00
187        3.52    -99.99      3.52    -103.76      0.00
188        3.45    -99.99      3.45    -105.32      0.00
189        3.36    -99.99      3.36    -106.88      0.00
190        3.26    -99.99      3.26    -108.43      0.00
191        3.15    -99.99      3.15    -109.98      0.00
192        3.04    -99.99      3.04    -111.52      0.00
193        2.91    -99.99      2.91    -113.05      0.00
194        2.77    -99.99      2.77    -114.58      0.00
195        2.62    -99.99      2.62    -116.11      0.00
196        2.46    -99.99      2.46    -117.62      0.00
197        2.29    -99.99      2.29    -119.13      0.00
198        2.11    -99.99      2.11    -120.63      0.00
199        1.91    -99.99      1.91    -122.13      0.00
200        1.71    -99.99      1.71    -123.61      0.00
201        1.50    -99.99      1.50    -125.09      0.00
202        1.27    -99.99      1.27    -126.56      0.00
203        1.04    -99.99      1.04    -128.01      0.00
204        0.79    -99.99      0.79    -129.46      0.00
205        0.54    -99.99      0.54    -130.89      0.00
206        0.27    -99.99      0.27    -132.32      0.00
207       -0.01    -99.99     -0.01    -133.73      0.00
208       -0.30    -99.99     -0.30    -135.13      0.00
209       -0.60    -99.99     -0.60    -136.52      0.00
210       -0.92    -99.99     -0.92    -137.90      0.00
211       -1.24    -99.99     -1.24    -139.27      0.00
212       -1.58    -99.99     -1.58    -140.62      0.00
213       -1.92    -99.99     -1.92    -141.95      0.00
214       -2.28    -99.99     -2.28    -143.28      0.00
215       -2.66    -99.99     -2.66    -144.58      0.00
216       -3.04    -99.99     -3.04    -145.88      0.00
217       -3.44    -99.99     -3.44    -147.16      0.00
218       -3.85    -99.99     -3.85    -148.42      0.00
219       -4.27    -99.99     -4.27    -149.67      0.00
220       -4.71    -99.99     -4.71    -150.90      0.00
221       -5.16    -99.99     -5.16    -152.12      0.00
222       -5.62    -99.99     -5.62    -153.32      0.00
223       -6.10    -99.99     -6.10    -154.51      0.00
224       -6.59    -99.99     -6.59    -155.67      0.00
225       -7.09    -99.99     -7.09    -156.83      0.00
226       -7.62    -99.99     -7.62    -157.96      0.00
227       -8.15    -99.99     -8.15    -159.08      0.00
228       -8.70    -99.99     -8.70    -160.18      0.00
229       -9.27    -99.99     -9.27    -161.26      0.00
230       -9.86    -99.99     -9.86    -162.33      0.00
231      -10.46    -99.99    -10.46    -163.38      0.00
232      -11.08    -99.99    -11.08    -164.41      0.00
233      -11.72    -99.99    -11.72    -165.42      0.00
234      -12.38    -99.99    -12.38    -166.42      0.00
235      -13.06    -99.99    -13.06    -167.40      0.00
236      -13.76    -99.99    -13.76    -168.37      0.00
237      -14.49    -99.99    -14.49    -169.32      0.00
238      -15.23    -99.99    -15.23    -170.25      0.00
239      -16.00    -99.99    -16.00    -171.18      0.00
240      -16.79    -99.99    -16.79    -172.08      0.00
241      -17.62    -99.99    -17.62    -172.98      0.00
242      -18.46    -99.99    -18.46    -173.86      0.00
243      -19.34    -99.99    -19.34    -174.73      0.00
244      -20.25    -99.99    -20.25    -175.60      0.00
245      -21.19    -99.99    -21.19    -176.46      0.00
246      -22.16    -99.99    -22.16    -177.31      0.00
247      -23.18    -99.99    -23.18    -178.16      0.00
248      -24.23    -99.99    -24.23    -179.01      0.00
249      -25.32    -99.99    -25.32    -179.87      0.00
250      -26.46    -99.99    -26.46     179.26      0.00
251      -27.64    -99.99    -27.64     178.38      0.00
252      -28.87    -99.99    -28.87     177.47      0.00
253      -30.16    -99.99    -30.16     176.54      0.00
254      -31.50    -99.99    -31.50     175.57      0.00
255      -32.91    -99.99    -32.91     174.55      0.00
256      -34.38    -99.99    -34.38     173.48      0.00
257      -35.93    -99.99    -35.93     172.33      0.00
258      -37.55    -99.99    -37.55     171.10      0.00
259      -39.25    -99.99    -39.25     169.77      0.00
260      -41.04    -99.99    -41.04     168.32      0.00
261      -42.92    -99.99    -42.92     166.75      0.00
262      -44.91    -99.99    -44.91     165.05      0.00
263      -47.01    -99.99    -47.01     163.24      0.00
264      -49.25    -99.99    -49.25     161.33      0.00
265      -51.67    -99.99    -51.67     159.40      0.00
266      -54.34    -99.99    -54.34     157.52      0.00
267      -57.46    -99.99    -57.46     155.84      0.00
268      -61.44    -99.99    -61.44     154.48      0.00
269      -67.75    -99.99    -67.75     153.60      0.00
270      -99.99    -99.99    -99.99       0.00      0.00
271      -67.75    -99.99    -67.75     -26.40      0.00
272      -61.44    -99.99    -61.44     -25.52      0.00
273      -57.46    -99.99    -57.46     -24.16      0.00
274      -54.34    -99.99    -54.34     -22.48      0.00
275      -51.67    -99.99    -51.67     -20.60      0.00
276      -49.25    -99.99    -49.25     -18.67      0.00
277      -47.01    -99.99    -47.01     -16.76      0.00
278      -44.91    -99.99    -44.91     -14.95      0.00
279      -42.92    -99.99    -42.92     -13.25      0.00
280      -41.04    -99.99    -41.04     -11.68      0.00
281      -39.25    -99.99    -39.25     -10.23      0.00
282      -37.55    -99.99    -37.55      -8.90      0.00
283      -35.93    -99.99    -35.93      -7.67      0.00
284      -34.38    -99.99    -34.38      -6.52      0.00
285      -32.91    -99.99    -32.91      -5.45      0.00
286      -31.50    -99.99    -31.50      -4.43      0.00
287      -30.16    -99.99    -30.16      -3.46      0.00
288      -28.87    -99.99    -28.87      -2.53      0.00
289      -27.64    -99.99    -27.64      -1.62      0.00
290      -26.46    -99.99    -26.46      -0.74      0.00
291      -25.32    -99.99    -25.32       0.13      0.00
292      -24.23    -99.99    -24.23       0.99      0.00
293      -23.18    -99.99    -23.18       1.84      0.00
294      -22.16    -99.99    -22.16       2.69      0.00
295      -21.19    -99.99    -21.19       3.54      0.00
296      -20.25    -99.99    -20.25       4.40      0.00
297      -19.34    -99.99    -19.34       5.27      0.00
298      -18.46    -99.99    -18.46       6.14      0.00
299      -17.62    -99.99    -17.62       7.02      0.00
300      -16.79    -99.99    -16.79       7.92      0.00
301      -16.00    -99.99    -16.00       8.82      0.00
302      -15.23    -99.99    -15.23       9.75      0.00
303      -14.49    -99.99    -14.49      10.68      0.00
304      -13.76    -99.99    -13.76      11.63      0.00
305      -13.06    -99.99    -13.06      12.60      0.00
306      -12.38    -99.99    -12.38      13.58      0.00
307      -11.72    -99.99    -11.72      14.58      0.00
308      -11.08    -99.99    -11.08      15.59      0.00
309      -10.46    -99.99    -10.46      16.62      0.00
310       -9.86    -99.99     -9.86      17.67      0.00
311       -9.27    -99.99     -9.27      18.74      0.00
312       -8.70    -99.99     -8.70      19.82      0.00
313       -8.15    -99.99     -8.15      20.92      0.00
314       -7.62    -99.99     -7.62      22.04      0.00
315       -7.09    -99.99     -7.09      23.17      0.00
316       -6.59    -99.99     -6.59      24.33      0.00
317       -6.10    -99.99     -6.10      25.49      0.00
318       -5.62    -99.99     -5.62      26.68      0.00
319       -5.16    -99.99     -5.16      27.88      0.00
320       -4.71    -99.99     -4.71      29.10      0.00
321       -4.27    -99.99     -4.27      30.33      0.00
322       -3.85    -99.99     -3.85      31.58      0.00
323       -3.44    -99.99     -3.44      32.84      0.00
324       -3.04    -99.99     -3.04      34.12      0.00
325       -2.66    -99.99     -2.66      35.42      0.00
326       -2.28    -99.99     -2.28      36.72      0.00
327       -1.92    -99.99     -1.92      38.05      0.00
328       -1.58    -99.99     -1.58      39.38      0.00
329       -1.24    -99.99     -1.24      40.73      0.00
330       -0.92    -99.99     -0.92      42.10      0.00
331       -0.60    -99.99     -0.60      43.48      0.00
332       -0.30    -99.99     -0.30      44.87      0.00
333       -0.01    -99.99     -0.01      46.27      0.00
334        0.27    -99.99      0.27      47.68      0.00
335        0.54    -99.99      0.54      49.11      0.00
336        0.79    -99.99      0.79      50.54      0.00
337        1.04    -99.99      1.04      51.99      0.00
338        1.27    -99.99      1.27      53.44      0.00
339        1.50    -99.99      1.50      54.91      0.00
340        1.71    -99.99      1.71      56.39      0.00
341        1.91    -99.99      1.91      57.87      0.00
342        2.11    -99.99      2.11      59.37      0.00
343        2.29    -99.99      2.29      60.87      0.00
344        2.46    -99.99      2.46      62.38      0.00
345        2.62    -99.99      2.62      63.89      0.00
346        2.77    -99.99      2.77      65.42      0.00
347        2.91    -99.99      2.91      66.95      0.00
348        3.04    -99.99      3.04      68.48      0.00
349        3.15    -99.99      3.15      70.02      0.00
350        3.26    -99.99      3.26      71.57      0.00
351        3.36    -99.99      3.36      73.12      0.00
352        3.45    -99.99      3.45      74.68      0.00
353        3.52    -99.99      3.52      76.24      0.00
354        3.59    -99.99      3.59      77.80      0.00
355        3.65    -99.99      3.65      79.36      0.00
356        3.69    -99.99      3.69      80.93      0.00
357        3.73    -99.99      3.73      82.50      0.00
358        3.75    -99.99      3.75      84.07      0.00
359        3.77    -99.99      3.77      85.64      0.00
360        3.78    -99.99      3.78      87.21      0.00

